21.83333396911621
55.33332824707031
24.666671752929688
25.83333969116211
40.249996185302734
48.666648864746094
48.91670227050781
41.416664123535156
30.666656494140625
46.083335876464844
34.416656494140625
15.999984741210938
40.749969482421875
28.250045776367188
53.333282470703125
37.33329772949219
36.750030517578125
56.08329772949219
51.25
44.16656494140625
32.833404541015625
38.249969482421875
40.416717529296875
23.166656494140625
46.0833740234375
41.49993896484375
42.58331298828125
48.33343505859375
30.1666259765625
7.5
23.000030517578125
55.916595458984375
56.916656494140625
27.58331298828125
20.0
34.250030517578125
19.083404541015625
11.583251953125
56.25
58.66668701171875
6.33331298828125
37.666778564453125
42.833251953125
16.16668701171875
57.74993896484375
16.916656494140625
24.333343505859375
52.3333740234375
32.58331298828125
42.9168701171875
54.083251953125
26.66656494140625
41.49993896484375
27.5
57.08343505859375
27.166748046875
59.33319091796875
38.00018310546875
48.75
45.66650390625
59.000244140625
51.08306884765625
38.83331298828125
41.7498779296875
27.41668701171875
50.916748046875
30.0
48.99993896484375
31.0833740234375
38.416748046875
36.7498779296875
35.08331298828125
12.5
45.50018310546875
46.33331298828125
27.6666259765625
22.3333740234375
42.5
53.16680908203125
49.8333740234375
25.24993896484375
55.916748046875
47.25006103515625
25.7501220703125
38.66668701171875
27.9998779296875
20.0
36.83349609375
32.4163818359375
58.6669921875
50.1666259765625
24.41650390625
44.083251953125
40.1666259765625
26.6668701171875
56.25
30.7501220703125
15.916748046875
33.24951171875
46.1669921875
59.41650390625
17.4169921875
48.9166259765625
54.166259765625
26.0003662109375
26.583251953125
50.7501220703125
47.6666259765625
59.666748046875
58.5833740234375
31.3330078125
27.9168701171875
45.7501220703125
21.666259765625
32.5836181640625
47.5
22.0001220703125
52.3333740234375
46.583251953125
9.749755859375
27.9998779296875
26.25
49.1668701171875
37.5
21.583251953125
51.3330078125
6.4166259765625
7.750244140625
43.917236328125
42.9168701171875
24.9163818359375
41.1669921875
33.16650390625
49.8333740234375
35.0830078125
36.1663818359375
55.7501220703125
19.583740234375
55.416259765625
17.0001220703125
30.8331298828125
34.083251953125
38.5003662109375
19.749755859375
51.583251953125
51.0833740234375
39.666748046875
13.333740234375
51.583251953125
39.5831298828125
45.999755859375
53.6669921875
22.5
49.8333740234375
35.250244140625
42.9168701171875
35.58349609375
33.08349609375
11.0003662109375
42.0831298828125
35.8331298828125
31.0003662109375
36.7498779296875
41.91650390625
28.75
31.7498779296875
25.0
20.0830078125
42.5836181640625
11.4996337890625
41.8328857421875
35.250244140625
30.4998779296875
54.8333740234375
8.5833740234375
41.583251953125
22.750244140625
36.8328857421875
24.4171142578125
46.91650390625
31.6668701171875
10.58349609375
54.41650390625
19.7503662109375
40.999755859375
39.1668701171875
26.4996337890625
48.8336181640625
57.0001220703125
31.25
41.583251953125
42.5836181640625
42.0001220703125
36.7498779296875
49.166259765625
32.000732421875
52.999267578125
41.1669921875
27.5
48.08349609375
28.75
37.666015625
48.583984375
31.25
27.667236328125
30.999755859375
33.917236328125
52.833251953125
56.165771484375
41.583251953125
26.334228515625
34.166259765625
42.5
26.583251953125
17.000732421875
57.08251953125
39.583740234375
25.833740234375
50.91552734375
17.415771484375
14.583740234375
48.250732421875
49.41650390625
50.499267578125
51.25
44.832763671875
48.583984375
46.583251953125
58.08349609375
45.250244140625
25.416259765625
39.083251953125
59.16748046875
45.582275390625
14.749755859375
34.9169921875
45.833740234375
47.7490234375
33.75
41.83349609375
18.499755859375
32.5
43.916015625
15.0
59.7509765625
38.916015625
36.500244140625
31.99951171875
14.9169921875
43.6669921875
20.166015625
26.583251953125
50.0
29.749755859375
28.916015625
31.416015625
31.1669921875
28.08349609375
53.582763671875
5.750732421875
19.166259765625
44.083251953125
41.83349609375
25.50048828125
40.916748046875
22.666015625
53.250732421875
21.666259765625
52.166748046875
39.583740234375
56.83349609375
45.66650390625
56.749267578125
33.250732421875
25.499267578125
54.33349609375
32.4169921875
39.166259765625
44.25048828125
34.41650390625
51.1669921875
49.41650390625
29.166259765625
41.83349609375
34.25048828125
32.667236328125
19.749755859375
50.250244140625
9.41650390625
29.583740234375
25.333251953125
14.000244140625
37.249755859375
38.167724609375
33.16650390625
54.49951171875
41.25
52.166748046875
39.7509765625
53.499755859375
53.24951171875
22.4169921875
45.166015625
49.417724609375
46.416015625
34.41650390625
56.66748046875
46.666259765625
52.5
19.749755859375
45.74951171875
8.08349609375
44.9169921875
50.66650390625
19.41650390625
36.0009765625
45.499267578125
33.8330078125
39.33349609375
33.16650390625
32.5
21.082763671875
46.917724609375
44.249267578125
48.583984375
20.916748046875
45.0830078125
43.499755859375
47.833251953125
51.417236328125
55.166015625
35.41748046875
48.33251953125
40.916748046875
36.25
9.16748046875
36.082763671875
45.750732421875
40.83251953125
35.50048828125
42.4169921875
35.41748046875
12.5
59.749755859375
50.250244140625
40.166015625
35.416259765625
37.5
57.332763671875
15.916748046875
51.500244140625
31.1669921875
28.082275390625
36.583251953125
42.83447265625
47.415771484375
36.1669921875
44.083251953125
55.0830078125
55.916748046875
7.166748046875
31.25
22.5
55.167236328125
36.165771484375
39.666748046875
35.750732421875
38.499755859375
22.4169921875
22.332763671875
45.74951171875
30.41748046875
28.665771484375
51.0009765625
36.91650390625
21.1669921875
47.16552734375
50.916748046875
59.41650390625
26.91650390625
50.499267578125
44.501953125
49.74853515625
29.16748046875
27.333984375
48.41796875
38.75
19.25048828125
26.58203125
54.7509765625
47.7490234375
26.58447265625
24.74853515625
26.0009765625
30.0830078125
46.083984375
55.2490234375
45.25146484375
37.5830078125
29.9169921875
30.66650390625
32.333984375
49.41650390625
54.41650390625
47.2509765625
25.58349609375
20.33203125
6.58203125
44.25048828125
56.1669921875
57.333984375
49.1650390625
55.50048828125
47.666015625
59.25048828125
31.083984375
13.41552734375
36.0009765625
39.7509765625
53.49853515625
50.41748046875
52.16796875
11.99951171875
53.916015625
17.91748046875
58.83544921875
34.3310546875
45.751953125
29.08203125
42.16796875
43.916015625
28.75
58.41796875
53.9990234375
44.25048828125
39.833984375
30.2490234375
23.41552734375
42.4169921875
44.5849609375
4.66552734375
38.5009765625
1.83349609375
43.916015625
58.75
45.33447265625
40.0830078125
44.00146484375
44.41650390625
50.99853515625
43.41796875
41.91650390625
24.41650390625
47.08251953125
54.9169921875
59.08447265625
48.16650390625
50.66650390625
52.7490234375
48.75
34.16748046875
35.33447265625
35.99853515625
21.083984375
46.91650390625
59.9169921875
53.33251953125
37.5
35.33203125
15.2490234375
25.91796875
37.4169921875
34.7509765625
43.8330078125
6.75048828125
39.41650390625
50.2490234375
39.833984375
25.50048828125
36.99951171875
40.58349609375
35.66650390625
36.25
57.5830078125
43.24951171875
45.16845703125
32.5830078125
44.08203125
45.0830078125
59.9169921875
28.6669921875
56.66748046875
19.66552734375
31.083984375
45.0
38.9990234375
37.83447265625
14.74853515625
42.08251953125
27.4169921875
24.25048828125
19.66552734375
33.41796875
25.498046875
43.251953125
28.916015625
59.7509765625
36.58203125
60.0830078125
51.25
29.41650390625
50.0
60.0830078125
42.7490234375
46.99951171875
43.41796875
45.50048828125
60.0
39.248046875
46.75048828125
57.08251953125
31.75048828125
53.24951171875
14.16748046875
41.91650390625
46.83349609375
26.66748046875
45.66650390625
49.16748046875
39.3310546875
9.49951171875
21.99951171875
41.1669921875
24.833984375
53.24951171875
53.33251953125
40.08544921875
11.6650390625
37.0849609375
36.748046875
47.91748046875
30.91796875
38.41552734375
41.416015625
55.50048828125
52.5
41.99951171875
31.41845703125
8.9990234375
31.3330078125
19.66796875
50.0
45.0830078125
48.9990234375
20.41748046875
31.99951171875
55.33447265625
42.08251953125
23.91845703125
40.0
48.75
48.916015625
26.83349609375
49.25048828125
50.498046875
1.50146484375
31.91650390625
43.08349609375
30.33203125
57.333984375
25.0
10.25146484375
54.49951171875
35.0
13.24951171875
54.16748046875
46.3330078125
37.16796875
39.58251953125
30.50048828125
34.58251953125
57.4169921875
41.99951171875
46.083984375
29.49951171875
22.333984375
38.00048828125
38.8330078125
51.416015625
32.333984375
20.25146484375
51.91650390625
49.49951171875
29.16748046875
40.58349609375
49.3310546875
45.0
47.333984375
40.0
37.333984375
17.2509765625
34.66552734375
59.7509765625
57.08251953125
13.916015625
51.083984375
49.833984375
39.25048828125
49.833984375
33.9990234375
42.16552734375
35.16845703125
48.16650390625
23.00048828125
36.4990234375
58.33251953125
20.751953125
50.66650390625
39.08203125
37.666015625
34.66796875
58.75
15.0
23.916015625
55.66650390625
41.1669921875
13.41552734375
53.41796875
28.41552734375
42.5830078125
45.8349609375
58.9990234375
42.08251953125
17.4169921875
37.66845703125
35.0830078125
2.7490234375
50.74951171875
42.16796875
50.58349609375
15.74951171875
10.83251953125
58.49853515625
31.66748046875
27.08251953125
50.58349609375
55.2490234375
45.25146484375
56.083984375
41.08154296875
44.25048828125
54.25048828125
50.25146484375
30.2490234375
4.49951171875
18.08349609375
36.3330078125
53.16650390625
35.0
18.9990234375
52.75146484375
52.24853515625
33.00048828125
38.916015625
20.751953125
11.58203125
55.41748046875
31.58203125
28.41796875
55.41748046875
5.83251953125
41.1669921875
58.916015625
41.8310546875
53.583984375
18.3349609375
11.58203125
37.333984375
34.25048828125
23.916015625
23.41552734375
19.5849609375
33.8330078125
24.49951171875
7.666015625
32.66845703125
13.41552734375
35.66650390625
37.83447265625
20.0
24.08203125
44.5849609375
54.49951171875
53.8330078125
52.7490234375
34.5849609375
13.41552734375
15.25146484375
51.08154296875
39.833984375
33.916015625
59.33349609375
31.99951171875
14.5849609375
38.41552734375
55.0
46.0009765625
32.4169921875
21.4990234375
47.2509765625
17.5830078125
55.2490234375
53.41796875
29.7509765625
35.33203125
22.4169921875
45.33203125
15.83251953125
24.16748046875
46.83349609375
51.25
48.75
42.83203125
32.75146484375
48.33251953125
41.75048828125
24.74853515625
28.3349609375
38.00048828125
57.9150390625
50.50048828125
43.583984375
26.416015625
59.25048828125
52.91748046875
42.666015625
45.8349609375
50.2490234375
50.2490234375
31.50146484375
31.1669921875
30.83251953125
35.83251953125
42.001953125
18.916015625
33.6669921875
53.75
48.6669921875
48.00048828125
57.83203125
25.66650390625
38.24951171875
41.33544921875
26.83349609375
33.58154296875
45.25146484375
58.33251953125
32.83447265625
50.0830078125
28.16650390625
29.16748046875
58.9990234375
34.501953125
35.166015625
28.583984375
24.66552734375
29.33349609375
29.66796875
29.49951171875
39.7509765625
37.080078125
27.919921875
42.998046875
57.5
47.0849609375
24.9169921875
49.5849609375
56.6650390625
36.58203125
38.8330078125
20.419921875
52.3291015625
22.587890625
59.1650390625
37.5830078125
22.5830078125
54.9169921875
40.751953125
33.49609375
43.8330078125
43.837890625
47.412109375
46.083984375
50.5859375
40.0830078125
57.0849609375
34.08203125
7.5
47.666015625
8.41796875
22.5
45.498046875
35.2490234375
28.41796875
40.91796875
13.2470703125
50.8349609375
53.8330078125
37.333984375
36.8359375
32.24609375
38.330078125
38.0859375
40.0
11.3330078125
7.1630859375
48.8330078125
57.998046875
4.4189453125
45.498046875
18.6669921875
41.9189453125
7.16796875
53.9990234375
54.9169921875
31.416015625
38.916015625
47.5
38.75
15.0830078125
46.748046875
52.5830078125
50.0830078125
17.2509765625
21.748046875
43.5009765625
59.5849609375
3.916015625
35.7470703125
46.9189453125
26.1669921875
56.0009765625
44.74609375
49.3359375
41.0009765625
47.080078125
31.9189453125
38.5009765625
34.833984375
53.0810546875
40.5859375
9.3310546875
35.8349609375
32.0849609375
43.8330078125
58.1640625
26.083984375
27.5830078125
32.998046875
39.7509765625
44.66796875
18.6669921875
45.0830078125
25.498046875
56.25
33.5009765625
42.919921875
29.580078125
38.6669921875
38.1689453125
48.2470703125
24.3359375
18.6669921875
10.91796875
21.6650390625
43.41796875
20.166015625
34.66796875
42.5830078125
50.0
17.080078125
29.7509765625
32.666015625
49.169921875
24.8291015625
31.58203125
35.33203125
36.0009765625
54.5849609375
36.416015625
48.75
5.830078125
59.9169921875
41.083984375
55.3369140625
44.4970703125
48.9990234375
58.583984375
38.251953125
48.916015625
43.0859375
33.49609375
17.919921875
56.6650390625
25.4150390625
14.4189453125
47.2509765625
54.580078125
35.751953125
51.1669921875
17.666015625
41.58203125
52.919921875
58.75
35.4150390625
23.41796875
26.9970703125
33.0029296875
41.4990234375
20.0830078125
33.41796875
49.833984375
53.583984375
38.8330078125
59.7509765625
53.0810546875
55.498046875
37.75390625
55.0
59.248046875
16.8310546875
29.3359375
56.8310546875
53.3349609375
41.8359375
59.1650390625
36.0009765625
40.33203125
36.748046875
42.16796875
33.251953125
21.25
55.33203125
55.6689453125
34.4140625
40.8349609375
28.1640625
43.916015625
42.001953125
28.916015625
45.0
55.6689453125
28.75
47.0849609375
29.4970703125
41.3330078125
40.2490234375
50.5810546875
39.4189453125
23.2470703125
27.2509765625
56.1669921875
39.4140625
47.333984375
17.666015625
17.001953125
38.5009765625
52.998046875
44.833984375
29.169921875
1.8310546875
24.833984375
31.3330078125
57.4169921875
37.998046875
44.7509765625
27.9150390625
31.8359375
54.3310546875
42.5830078125
52.0849609375
37.5830078125
34.3359375
31.3330078125
26.6650390625
25.91796875
15.0
32.001953125
54.4970703125
51.9189453125
22.998046875
25.5029296875
56.4990234375
37.16796875
46.0791015625
10.087890625
38.75
47.5
44.4140625
29.4189453125
48.6669921875
58.330078125
22.8369140625
37.9150390625
39.7509765625
22.1630859375
52.333984375
52.333984375
55.0830078125
41.083984375
34.501953125
37.83203125
22.5
49.833984375
36.1669921875
44.1650390625
32.666015625
27.8369140625
20.0830078125
15.6640625
18.8330078125
7.16796875
23.916015625
42.16796875
35.91796875
28.4130859375
30.5859375
25.498046875
50.2490234375
22.080078125
47.5
51.669921875
46.58203125
57.5
22.666015625
45.4150390625
24.9169921875
32.5830078125
32.333984375
33.5009765625
38.1689453125
32.7490234375
41.58203125
36.083984375
34.7509765625
11.6650390625
24.66796875
34.7509765625
30.33203125
53.1689453125
15.33203125
23.75
43.251953125
27.5830078125
38.330078125
56.7529296875
14.5849609375
54.580078125
56.25
45.419921875
34.580078125
45.91796875
55.751953125
21.416015625
54.5849609375
15.6640625
58.8330078125
41.8359375
35.2490234375
50.166015625
47.7490234375
36.5869140625
58.916015625
51.58203125
42.998046875
58.2470703125
20.5029296875
50.0
35.6640625
28.8330078125
43.1689453125
33.2470703125
46.416015625
15.0
47.83203125
39.5849609375
21.8310546875
28.8330078125
38.6669921875
17.8369140625
25.166015625
20.9130859375
52.4169921875
39.3359375
56.416015625
55.751953125
14.3310546875
40.91796875
53.1640625
53.41796875
44.169921875
32.080078125
49.66796875
35.498046875
51.1669921875
20.3369140625
55.0
14.3310546875
53.916015625
26.1669921875
27.9150390625
12.5830078125
38.330078125
32.5830078125
49.3359375
32.5830078125
31.4990234375
57.0849609375
16.083984375
44.1650390625
40.0830078125
5.8349609375
47.5
49.248046875
27.0849609375
56.25
21.0009765625
24.4970703125
44.169921875
38.1640625
27.333984375
54.501953125
38.4130859375
51.5869140625
52.333984375
53.49609375
37.75390625
42.080078125
1.3330078125
52.5
33.5009765625
41.8359375
24.7509765625
27.333984375
48.662109375
47.16796875
31.083984375
40.498046875
47.6708984375
36.416015625
22.080078125
58.251953125
37.2509765625
23.5009765625
56.083984375
35.6640625
45.5029296875
42.7490234375
37.5830078125
38.5009765625
39.1650390625
42.4169921875
34.1650390625
11.0009765625
47.7490234375
35.5859375
39.580078125
36.083984375
23.916015625
16.5869140625
50.166015625
34.0869140625
57.998046875
53.6669921875
59.3310546875
26.50390625
50.0
31.6650390625
28.251953125
55.7470703125
39.169921875
31.25
42.83203125
53.2470703125
20.0830078125
50.9130859375
24.248046875
22.666015625
46.25
12.666015625
15.5859375
7.080078125
36.8359375
52.998046875
59.5849609375
59.4140625
48.837890625
19.8291015625
54.169921875
53.6669921875
57.24609375
30.419921875
25.4150390625
42.4169921875
44.2529296875
31.416015625
48.583984375
24.580078125
59.169921875
49.833984375
50.5810546875
20.4150390625
45.3369140625
55.166015625
30.33203125
42.4169921875
43.3349609375
37.9150390625
27.333984375
46.0009765625
26.3330078125
58.330078125
17.0849609375
15.33203125
36.669921875
17.16796875
40.7470703125
47.7490234375
40.5029296875
40.0
48.916015625
45.2490234375
12.998046875
41.3330078125
49.08203125
55.8349609375
19.1650390625
29.833984375
34.1650390625
54.66796875
38.41796875
46.416015625
35.6640625
32.4169921875
44.7509765625
11.0009765625
38.916015625
48.41796875
23.583984375
21.0791015625
53.9208984375
53.2470703125
43.916015625
45.0830078125
40.751953125
28.8330078125
43.583984375
25.4150390625
20.3369140625
29.8291015625
31.083984375
35.6689453125
43.75
52.0849609375
20.830078125
31.5869140625
27.7490234375
5.33203125
34.1650390625
36.337890625
41.25
27.666015625
28.6669921875
20.7470703125
4.169921875
38.662109375
57.001953125
57.001953125
29.9169921875
54.248046875
26.8359375
48.4130859375
47.5830078125
29.4189453125
14.9169921875
38.3349609375
50.166015625
55.9130859375
46.1669921875
46.7529296875
23.0810546875
33.916015625
34.00390625
38.49609375
58.251953125
18.6669921875
50.166015625
51.58203125
47.4169921875
53.1689453125
57.2509765625
25.166015625
45.91796875
51.9970703125
29.833984375
34.4140625
25.0
33.3349609375
48.1640625
30.5029296875
22.080078125
23.5009765625
39.833984375
43.916015625
28.1689453125
16.4990234375
47.7490234375
8.8330078125
42.2509765625
44.501953125
52.4169921875
33.330078125
4.169921875
55.7470703125
35.2490234375
12.412109375
59.169921875
43.1640625
33.3349609375
29.3359375
52.9150390625
34.4140625
39.5849609375
31.9189453125
20.9130859375
50.751953125
20.6689453125
28.330078125
41.416015625
58.8330078125
40.087890625
43.330078125
28.5009765625
35.751953125
47.9150390625
57.5
28.75
12.001953125
33.5009765625
37.3291015625
22.75390625
42.080078125
49.66796875
31.3330078125
36.1669921875
47.001953125
41.25
18.9990234375
27.666015625
31.4208984375
40.2490234375
34.5849609375
36.416015625
24.6630859375
46.50390625
53.4130859375
45.166015625
32.333984375
29.7509765625
32.4169921875
40.0
24.08203125
55.3369140625
38.9990234375
37.16796875
27.998046875
24.833984375
19.4970703125
47.0849609375
42.998046875
37.0849609375
37.7490234375
33.0859375
30.0830078125
55.33203125
38.8330078125
43.75
53.916015625
26.25
51.9970703125
48.41796875
53.41796875
37.83203125
35.33203125
58.6669921875
36.3330078125
59.169921875
27.5
21.58203125
11.25
49.7509765625
18.1640625
45.6689453125
8.75
16.9970703125
57.0849609375
54.4189453125
52.1630859375
37.2509765625
54.3359375
41.1669921875
44.4970703125
35.91796875
8.0810546875
47.080078125
47.2509765625
41.6650390625
42.001953125
42.5830078125
19.66796875
45.498046875
26.9189453125
51.9970703125
57.5830078125
11.7529296875
40.0
35.0
59.5849609375
29.6630859375
31.083984375
56.1669921875
46.3330078125
35.0
55.91796875
36.0009765625
44.5849609375
38.6669921875
29.6630859375
45.25390625
34.9169921875
59.3310546875
49.7509765625
47.2509765625
42.666015625
58.75
31.6650390625
34.4189453125
22.998046875
15.33203125
59.66796875
41.3330078125
31.083984375
18.251953125
51.748046875
1.4990234375
47.6708984375
6.9140625
51.416015625
26.25
51.416015625
45.9130859375
54.169921875
32.4169921875
33.8330078125
40.0830078125
31.416015625
18.41796875
40.0830078125
25.0
24.7509765625
43.330078125
24.501953125
41.083984375
56.083984375
28.8330078125
56.416015625
38.2470703125
40.166015625
55.087890625
17.7490234375
31.8310546875
41.7529296875
36.8310546875
11.416015625
37.8369140625
36.25
54.9169921875
44.4140625
35.6689453125
26.083984375
43.0810546875
29.833984375
30.2490234375
39.4189453125
42.1630859375
49.00390625
55.2490234375
36.58203125
45.419921875
55.6640625
26.6650390625
22.2509765625
49.4189453125
54.9169921875
60.0830078125
37.16796875
23.9990234375
48.916015625
8.583984375
34.9169921875
28.1640625
33.8330078125
8.0859375
40.4150390625
32.0849609375
43.5009765625
31.0009765625
53.1640625
47.16796875
45.498046875
27.2509765625
1.0009765625
57.0849609375
54.74609375
54.2529296875
31.748046875
42.001953125
34.9169921875
33.583984375
46.4990234375
53.583984375
40.33203125
52.16796875
15.0830078125
46.25
43.3349609375
28.8330078125
15.2490234375
47.998046875
23.0859375
47.7490234375
23.3349609375
30.7470703125
15.5029296875
39.6630859375
38.75
40.7470703125
59.9169921875
59.7509765625
54.66796875
56.005859375
47.001953125
33.49609375
42.255859375
37.080078125
55.83984375
49.326171875
50.5859375
54.00390625
55.99609375
48.662109375
51.50390625
26.50390625
12.5
9.833984375
27.998046875
42.24609375
40.078125
24.833984375
18.251953125
25.087890625
41.083984375
31.416015625
33.75
12.158203125
20.673828125
48.330078125
16.171875
33.662109375
39.580078125
31.669921875
23.0859375
34.326171875
46.005859375
49.58984375
26.162109375
24.501953125
30.25390625
37.333984375
4.82421875
25.5859375
38.1640625
24.501953125
40.498046875
40.419921875
41.669921875
33.916015625
42.16796875
40.166015625
29.423828125
43.408203125
35.25390625
30.91796875
20.751953125
42.421875
18.251953125
55.498046875
50.498046875
31.07421875
24.755859375
16.328125
13.0859375
52.16796875
52.5
2.578125
34.501953125
55.078125
34.833984375
58.671875
28.828125
29.501953125
19.501953125
41.58203125
46.337890625
33.837890625
47.841796875
25.078125
49.4140625
58.916015625
9.912109375
44.66796875
47.587890625
44.423828125
43.837890625
27.578125
29.66796875
30.6640625
46.337890625
19.08203125
55.087890625
37.998046875
24.74609375
22.255859375
41.083984375
33.0859375
40.0
51.162109375
21.25
55.25390625
27.666015625
49.658203125
27.16796875
33.1640625
45.6640625
40.341796875
42.666015625
49.833984375
29.4140625
32.333984375
55.498046875
50.087890625
37.578125
27.75390625
48.916015625
25.751953125
36.25
21.328125
52.587890625
45.83984375
31.748046875
23.662109375
18.505859375
37.333984375
34.08203125
13.75
56.083984375
55.830078125
46.748046875
52.001953125
42.16796875
35.91796875
23.828125
46.58203125
45.498046875
30.087890625
38.583984375
52.16796875
50.576171875
48.251953125
11.9140625
45.0
21.58203125
32.001953125
53.0859375
22.24609375
25.0
50.33203125
39.16015625
39.58984375
22.080078125
27.75390625
34.4921875
32.001953125
48.0859375
23.583984375
36.8359375
48.837890625
34.08203125
32.16796875
46.162109375
31.083984375
9.580078125
56.50390625
34.74609375
32.080078125
34.248046875
29.58984375
27.24609375
52.75390625
57.333984375
46.162109375
21.8359375
43.49609375
56.328125
56.669921875
42.16796875
58.330078125
31.162109375
47.255859375
35.99609375
41.416015625
47.578125
49.501953125
32.16796875
11.416015625
52.998046875
14.66796875
60.078125
59.66796875
26.083984375
25.166015625
42.919921875
53.828125
57.83203125
23.671875
47.5
37.998046875
41.337890625
35.751953125
35.91796875
37.998046875
41.328125
57.919921875
23.75
34.08203125
23.916015625
54.912109375
42.5
25.498046875
46.42578125
41.66015625
44.08203125
24.3359375
27.587890625
2.744140625
53.41796875
56.9140625
37.16796875
37.16796875
30.99609375
17.080078125
51.7578125
32.666015625
33.251953125
40.0
31.923828125
32.421875
25.91796875
37.255859375
11.58203125
13.662109375
46.669921875
57.412109375
14.00390625
38.1640625
48.505859375
47.24609375
19.3359375
48.828125
7.421875
27.333984375
36.162109375
19.580078125
39.833984375
54.501953125
2.08984375
37.666015625
42.744140625
50.751953125
11.337890625
37.333984375
52.91015625
24.58984375
32.333984375
45.99609375
33.2421875
51.416015625
21.9140625
43.583984375
29.501953125
58.671875
52.333984375
34.912109375
17.001953125
35.6640625
15.498046875
28.33984375
45.7421875
15.673828125
30.830078125
43.41796875
45.244140625
54.66796875
22.16796875
19.16015625
54.755859375
21.162109375
36.416015625
35.6640625
11.25
34.248046875
22.744140625
25.751953125
24.833984375
38.583984375
52.16796875
46.50390625
41.826171875
41.337890625
50.83984375
49.248046875
43.41796875
34.16015625
32.919921875
58.1640625
29.580078125
40.99609375
26.9140625
42.421875
3.0859375
50.576171875
38.583984375
29.833984375
37.998046875
40.5859375
46.416015625
45.99609375
32.16796875
43.076171875
46.083984375
58.916015625
57.421875
15.91796875
24.248046875
49.501953125
16.9140625
31.25
40.078125
50.673828125
49.66796875
54.4140625
33.916015625
50.419921875
35.33203125
53.49609375
37.421875
49.74609375
40.498046875
34.66796875
35.087890625
18.251953125
25.99609375
33.75
16.58203125
40.6640625
55.0
59.2578125
39.580078125
25.419921875
42.24609375
34.912109375
42.587890625
39.16015625
56.005859375
33.75
37.412109375
59.66796875
15.830078125
33.330078125
42.24609375
58.671875
27.158203125
40.830078125
25.0
24.08203125
31.25
29.833984375
47.001953125
48.076171875
32.255859375
44.580078125
46.083984375
38.076171875
32.24609375
44.00390625
52.587890625
44.833984375
42.744140625
52.08984375
15.33203125
31.005859375
29.501953125
41.748046875
19.58984375
15.078125
24.501953125
47.080078125
11.591796875
44.4140625
39.2578125
33.408203125
19.00390625
31.748046875
56.50390625
32.91015625
55.087890625
54.912109375
46.9140625
51.669921875
43.2421875
53.49609375
43.173828125
48.583984375
16.58203125
50.751953125
27.421875
44.248046875
39.4140625
24.501953125
21.748046875
52.412109375
44.912109375
43.0859375
31.171875
50.498046875
29.08203125
20.0
47.998046875
42.333984375
49.08203125
20.751953125
37.587890625
48.75
39.833984375
29.169921875
45.498046875
57.75390625
40.0
7.412109375
33.251953125
39.66796875
32.919921875
39.4921875
40.166015625
53.583984375
32.001953125
47.83203125
41.337890625
30.498046875
20.830078125
27.421875
25.751953125
49.08203125
55.91796875
33.662109375
44.169921875
22.578125
42.5
36.337890625
50.99609375
34.833984375
26.337890625
22.91015625
30.33203125
34.501953125
36.25
33.583984375
22.744140625
53.33984375
51.58203125
49.66796875
58.0859375
53.0859375
47.5
37.24609375
33.671875
51.162109375
21.083984375
45.166015625
48.583984375
25.576171875
34.091796875
42.998046875
41.416015625
54.833984375
47.5
11.162109375
60.0
51.25
53.0078125
44.16015625
28.916015625
37.83203125
48.41796875
29.4140625
32.587890625
29.326171875
48.33984375
36.9921875
24.833984375
8.0078125
18.330078125
56.328125
39.833984375
41.083984375
34.66796875
49.833984375
41.9140625
23.251953125
27.24609375
48.251953125
45.91796875
34.3359375
48.916015625
43.662109375
25.751953125
56.9140625
60.087890625
23.916015625
56.328125
45.166015625
34.921875
11.162109375
47.587890625
43.1640625
30.83984375
16.9140625
54.501953125
34.912109375
51.25
26.50390625
20.751953125
13.2421875
30.33203125
58.1640625
43.837890625
30.498046875
50.91796875
18.41796875
24.580078125
47.421875
44.4921875
22.841796875
21.9140625
39.08203125
45.91796875
9.74609375
23.671875
40.498046875
30.33203125
37.744140625
45.419921875
42.83203125
15.166015625
33.1640625
57.998046875
47.83203125
30.087890625
29.169921875
26.416015625
47.83203125
38.251953125
39.4140625
46.669921875
29.248046875
48.251953125
35.087890625
39.580078125
42.587890625
45.244140625
43.837890625
41.58203125
50.91796875
36.9140625
41.162109375
36.8359375
30.0
30.498046875
56.25
47.421875
22.666015625
34.58984375
34.501953125
27.421875
52.080078125
56.328125
41.669921875
38.505859375
23.076171875
19.3359375
44.4140625
28.33984375
56.494140625
59.08203125
39.3359375
11.328125
36.083984375
22.75390625
42.412109375
39.921875
37.001953125
27.998046875
36.416015625
42.080078125
42.421875
40.498046875
55.5859375
56.416015625
23.75
46.8359375
9.3359375
43.330078125
35.99609375
42.587890625
39.833984375
30.25390625
27.001953125
16.9921875
23.173828125
48.837890625
36.328125
27.5
38.0859375
18.330078125
46.328125
37.421875
59.74609375
28.828125
49.00390625
48.1640625
58.33984375
55.6640625
38.41796875
40.166015625
33.662109375
43.41796875
22.666015625
18.505859375
37.412109375
47.666015625
14.833984375
25.6640625
50.7421875
29.08203125
36.50390625
34.00390625
46.58203125
48.1640625
50.99609375
30.341796875
52.744140625
12.666015625
40.0
50.0
47.587890625
35.99609375
31.8359375
30.99609375
40.087890625
14.755859375
17.578125
8.583984375
31.083984375
43.330078125
29.501953125
47.587890625
42.333984375
37.080078125
49.00390625
54.4921875
25.0
22.841796875
21.66015625
12.333984375
45.6640625
51.8359375
42.08984375
54.248046875
32.001953125
54.912109375
9.580078125
38.671875
53.251953125
34.326171875
51.083984375
54.755859375
46.669921875
58.1640625
49.3359375
29.580078125
55.498046875
47.421875
46.66015625
30.751953125
52.578125
42.255859375
31.162109375
47.080078125
53.75
20.91796875
28.49609375
38.0859375
11.748046875
37.587890625
35.83984375
37.080078125
39.08203125
53.505859375
26.748046875
48.671875
47.91015625
20.25390625
50.33203125
30.830078125
52.75390625
48.49609375
43.41796875
27.333984375
50.83984375
60.0
40.41015625
39.66796875
27.998046875
30.99609375
39.66796875
53.671875
38.994140625
33.837890625
9.248046875
52.333984375
37.666015625
38.662109375
42.841796875
45.33203125
45.6640625
31.669921875
38.75
34.326171875
19.423828125
45.41015625
26.083984375
37.333984375
52.666015625
38.1640625
51.50390625
19.833984375
25.087890625
18.1640625
44.16015625
37.75390625
40.908203125
48.837890625
42.158203125
35.5078125
41.25
43.1640625
48.662109375
48.916015625
46.669921875
36.171875
14.248046875
11.9140625
21.337890625
14.00390625
54.08203125
28.837890625
29.08203125
23.57421875
23.33984375
23.330078125
50.166015625
7.587890625
21.328125
41.669921875
47.412109375
40.751953125
56.58203125
33.837890625
28.41796875
28.330078125
37.5
48.916015625
41.416015625
39.4140625
30.419921875
56.416015625
29.755859375
28.1640625
21.58203125
35.91796875
56.58203125
46.748046875
49.74609375
20.673828125
31.748046875
34.169921875
18.662109375
38.251953125
45.498046875
36.591796875
27.91015625
39.501953125
32.919921875
13.41796875
33.662109375
52.75390625
45.6640625
30.419921875
35.0
38.583984375
34.248046875
50.087890625
37.5
7.333984375
31.9921875
56.171875
43.330078125
51.171875
41.416015625
15.33203125
5.91796875
33.828125
54.00390625
30.33203125
45.419921875
52.24609375
52.333984375
37.5
51.083984375
16.7578125
56.162109375
43.75
37.578125
40.6640625
16.591796875
53.671875
56.083984375
23.828125
51.8359375
12.83203125
23.75
6.8359375
35.0
50.33203125
41.25
26.171875
35.91796875
45.41015625
58.41796875
47.75390625
16.748046875
9.3359375
45.244140625
30.5078125
20.91796875
28.408203125
52.75390625
32.412109375
59.2578125
47.83203125
54.921875
58.41796875
44.16015625
22.16796875
49.66796875
54.74609375
28.330078125
59.66796875
30.25390625
35.751953125
46.923828125
13.916015625
46.162109375
12.666015625
49.833984375
13.330078125
47.333984375
57.24609375
12.08984375
43.330078125
51.748046875
23.916015625
16.337890625
44.912109375
49.169921875
7.16796875
34.3359375
53.994140625
27.001953125
47.001953125
49.74609375
47.421875
16.748046875
11.8359375
9.169921875
26.669921875
36.66015625
57.001953125
52.587890625
41.9140625
12.16796875
57.080078125
38.75
10.91796875
46.9140625
20.6640625
53.583984375
48.671875
59.912109375
40.5078125
52.998046875
39.66796875
52.666015625
23.251953125
17.24609375
41.50390625
36.748046875
43.837890625
55.078125
52.421875
28.173828125
56.9921875
34.08203125
25.673828125
54.00390625
39.74609375
23.0859375
32.32421875
57.16796875
28.916015625
22.587890625
47.080078125
45.33203125
46.337890625
40.99609375
39.08203125
30.83984375
21.8359375
51.07421875
27.75390625
24.74609375
26.923828125
32.24609375
12.08984375
19.912109375
60.0
35.91796875
33.828125
31.083984375
35.83984375
31.58203125
27.919921875
31.66015625
19.833984375
37.16796875
20.830078125
32.75390625
47.32421875
46.50390625
15.33203125
56.083984375
52.587890625
48.076171875
28.173828125
56.337890625
38.076171875
59.169921875
30.91796875
51.9140625
22.5
32.75390625
10.244140625
44.2578125
29.4140625
54.833984375
27.24609375
58.49609375
49.423828125
56.162109375
37.24609375
53.92578125
41.328125
56.8359375
42.578125
39.66796875
23.41796875
9.921875
41.328125
58.837890625
49.74609375
24.921875
25.7421875
23.0859375
57.24609375
40.91796875
30.5859375
43.828125
46.58203125
49.66796875
41.083984375
31.416015625
25.99609375
42.333984375
60.078125
57.16796875
56.8359375
21.416015625
37.5
35.6640625
42.587890625
49.4921875
18.583984375
20.0
36.416015625
43.49609375
27.255859375
37.998046875
22.666015625
39.912109375
19.08203125
41.416015625
15.25390625
36.8359375
44.326171875
39.921875
50.244140625
48.251953125
14.4140625
23.505859375
34.248046875
24.169921875
45.830078125
37.16796875
53.1640625
12.001953125
57.587890625
55.244140625
25.83984375
17.998046875
29.580078125
42.998046875
36.171875
40.91796875
30.7421875
35.25390625
40.087890625
43.916015625
53.583984375
35.244140625
1.50390625
43.1640625
25.751953125
34.580078125
44.755859375
58.1640625
45.419921875
46.8359375
43.505859375
25.6640625
34.169921875
19.00390625
54.501953125
45.91796875
14.833984375
33.330078125
18.75
45.33203125
49.169921875
54.912109375
37.5
5.087890625
37.666015625
33.0859375
34.4140625
37.001953125
19.08203125
16.9140625
56.50390625
48.49609375
57.421875
50.0
55.576171875
27.5
41.005859375
48.0859375
25.99609375
40.498046875
51.005859375
50.498046875
40.830078125
47.75390625
55.166015625
55.751953125
17.91015625
41.083984375
9.501953125
50.087890625
26.083984375
12.158203125
51.162109375
16.591796875
54.82421875
14.00390625
50.33203125
2.16796875
24.08203125
32.75390625
20.244140625
33.0078125
11.162109375
39.66796875
33.251953125
14.4140625
33.75
30.25390625
57.578125
46.171875
46.494140625
41.9140625
54.423828125
26.826171875
34.423828125
57.666015625
21.083984375
37.744140625
16.171875
31.8359375
49.580078125
33.505859375
50.0
22.578125
37.412109375
36.083984375
37.75390625
36.58203125
53.583984375
37.001953125
44.3359375
19.326171875
32.998046875
39.091796875
41.494140625
30.0
41.8359375
28.92578125
60.0
50.91796875
40.0
35.99609375
28.33984375
6.494140625
27.001953125
49.755859375
32.998046875
35.498046875
29.169921875
51.416015625
59.248046875
33.0859375
44.326171875
2.16796875
42.578125
46.923828125
38.2421875
53.92578125
28.75
39.326171875
36.005859375
40.91796875
25.6640625
33.916015625
28.251953125
55.498046875
51.337890625
34.833984375
30.33203125
44.833984375
36.50390625
35.41015625
20.166015625
37.08984375
56.748046875
25.751953125
48.251953125
46.328125
53.828125
20.166015625
32.578125
50.166015625
21.171875
37.412109375
22.75390625
57.998046875
40.087890625
48.330078125
17.412109375
29.423828125
21.58203125
52.919921875
29.4140625
47.080078125
14.501953125
53.49609375
31.8359375
40.5859375
17.16796875
59.4921875
5.673828125
38.75
58.505859375
35.078125
47.421875
56.171875
22.998046875
40.830078125
32.001953125
31.328125
43.916015625
30.91796875
40.33203125
12.5
25.908203125
41.923828125
22.24609375
47.5
56.171875
37.744140625
17.5
43.75
30.0
46.416015625
55.33203125
44.08203125
59.248046875
29.833984375
8.583984375
38.671875
24.66796875
6.9140625
38.49609375
57.08984375
35.6640625
15.419921875
45.41015625
21.337890625
31.083984375
39.248046875
31.083984375
24.08203125
57.333984375
14.74609375
51.50390625
22.333984375
32.666015625
7.998046875
27.333984375
47.421875
40.576171875
28.251953125
48.828125
20.419921875
53.828125
50.83984375
19.755859375
59.912109375
25.5859375
14.4140625
25.830078125
37.412109375
56.8359375
41.328125
42.998046875
49.08203125
28.251953125
30.166015625
9.833984375
50.078125
46.171875
57.001953125
32.412109375
35.498046875
52.587890625
20.41015625
44.00390625
27.744140625
22.83203125
48.583984375
42.001953125
54.501953125
49.755859375
31.58203125
52.001953125
8.671875
24.501953125
58.408203125
40.25390625
24.3359375
38.75
34.74609375
32.001953125
47.333984375
45.91796875
49.08203125
21.748046875
4.169921875
30.33203125
7.5
48.662109375
47.001953125
36.25
35.6640625
48.75
52.412109375
35.0
56.8359375
40.419921875
28.0859375
22.919921875
27.666015625
46.748046875
22.666015625
48.1640625
38.837890625
50.5859375
18.1640625
15.341796875
30.830078125
30.33203125
40.6640625
31.669921875
19.4921875
35.5859375
52.587890625
53.828125
31.748046875
35.33203125
41.42578125
23.076171875
48.1640625
6.58203125
58.583984375
40.5859375
19.08203125
33.330078125
21.171875
27.24609375
39.169921875
58.1640625
47.421875
47.666015625
44.833984375
49.833984375
57.080078125
26.328125
25.0
54.00390625
37.080078125
48.75
34.921875
38.662109375
40.751953125
57.421875
35.244140625
49.501953125
7.5
55.087890625
19.326171875
57.255859375
55.7421875
42.001953125
47.83203125
30.419921875
48.2421875
56.591796875
54.580078125
37.080078125
56.25
35.25390625
31.25
12.255859375
48.671875
36.328125
21.8359375
4.3359375
11.328125
21.083984375
59.169921875
55.25390625
37.001953125
44.921875
49.912109375
31.25
30.087890625
34.16015625
53.92578125
27.158203125
45.087890625
24.3359375
53.916015625
45.498046875
51.58203125
58.0859375
24.501953125
34.08203125
37.333984375
28.330078125
29.4921875
26.25
23.330078125
17.666015625
44.580078125
33.41796875
18.251953125
19.501953125
47.333984375
43.916015625
35.0
30.6640625
37.67578125
43.408203125
34.501953125
26.005859375
20.0
47.998046875
31.494140625
20.673828125
21.9140625
24.3359375
49.326171875
15.91796875
51.669921875
56.8359375
29.501953125
52.32421875
24.248046875
7.998046875
16.337890625
31.162109375
14.00390625
34.248046875
57.412109375
18.49609375
30.751953125
49.74609375
23.33984375
7.744140625
13.583984375
27.333984375
37.919921875
59.248046875
39.248046875
34.169921875
31.416015625
38.251953125
34.501953125
36.8359375
35.33203125
32.421875
46.748046875
46.337890625
38.505859375
37.333984375
36.748046875
45.166015625
48.251953125
23.583984375
34.3359375
24.580078125
37.333984375
42.16796875
32.16796875
40.41015625
48.837890625
25.99609375
29.08203125
45.91796875
32.333984375
51.8359375
26.669921875
38.75
43.330078125
38.75
49.833984375
31.50390625
27.412109375
35.0
32.08984375
40.6640625
32.919921875
43.75
37.001953125
7.24609375
8.505859375
30.0
29.3359375
49.74609375
12.080078125
31.171875
30.498046875
55.498046875
6.50390625
47.744140625
38.837890625
39.833984375
57.08984375
36.66015625
34.66796875
25.419921875
26.826171875
44.921875
47.744140625
40.25390625
35.0
25.41015625
33.837890625
40.166015625
40.5859375
39.66796875
39.58984375
57.255859375
43.330078125
59.833984375
49.580078125
13.583984375
53.671875
31.58203125
43.671875
58.662109375
38.837890625
59.169921875
51.328125
37.001953125
43.251953125
58.1640625
41.7578125
45.91796875
26.58203125
33.49609375
3.916015625
21.416015625
15.6640625
42.587890625
40.33203125
43.75
22.998046875
26.162109375
53.33984375
37.5
24.912109375
59.423828125
27.744140625
28.33984375
28.583984375
56.50390625
32.08984375
56.328125
59.00390625
56.25
44.326171875
43.0078125
59.4921875
31.8359375
57.255859375
48.828125
40.4296875
43.90625
54.51171875
28.828125
33.26171875
46.66015625
40.41015625
21.42578125
32.5
29.4921875
22.01171875
36.171875
49.31640625
52.16796875
48.75
52.9296875
32.578125
40.91796875
36.15234375
53.0859375
55.8984375
24.84375
32.08984375
38.984375
54.51171875
31.73828125
16.6796875
58.3203125
35.25390625
18.33984375
45.7421875
11.7578125
25.7421875
57.83203125
38.0078125
25.91796875
19.1796875
35.91796875
12.83203125
14.00390625
47.0703125
23.41796875
42.265625
40.6640625
25.41015625
4.66796875
42.08984375
23.65234375
49.84375
40.7421875
17.67578125
41.7578125
56.58203125
59.16015625
45.76171875
49.16015625
26.66015625
20.25390625
57.0703125
29.4140625
17.9296875
40.91796875
52.16796875
38.06640625
33.26171875
42.91015625
21.09375
35.0
57.91015625
35.68359375
44.74609375
48.57421875
17.421875
37.08984375
49.66796875
18.65234375
57.01171875
33.0859375
45.0
40.234375
42.5
55.5078125
41.328125
22.08984375
31.50390625
30.33203125
28.92578125
26.328125
28.1640625
22.578125
32.5
43.49609375
28.0078125
47.83203125
46.8359375
46.58203125
28.65234375
49.921875
46.42578125
53.90625
55.0
18.828125
37.16796875
17.91015625
31.328125
39.1015625
21.58203125
52.16796875
39.921875
45.7421875
43.33984375
57.34375
44.4140625
46.8359375
17.32421875
52.83203125
38.671875
37.5
44.4921875
33.59375
45.6640625
29.08203125
42.24609375
8.49609375
51.34765625
44.23828125
4.6484375
19.84375
55.83984375
45.0
48.515625
33.65234375
49.08203125
3.1640625
45.5078125
43.2421875
36.25
41.09375
45.48828125
15.0
35.41015625
8.75
46.171875
36.07421875
42.75390625
16.6796875
55.0
7.578125
26.328125
26.25
36.09375
23.49609375
19.66796875
38.26171875
53.1640625
45.0
35.8203125
28.92578125
40.91796875
56.50390625
24.74609375
57.08984375
25.4296875
4.6484375
30.68359375
28.57421875
45.99609375
23.92578125
47.75390625
30.6640625
53.0078125
36.81640625
46.6015625
55.0
53.75
27.265625
28.90625
40.91796875
20.17578125
27.0703125
30.5078125
36.25
54.2578125
31.66015625
56.171875
59.921875
38.75
35.25390625
55.33203125
41.07421875
57.5
49.08203125
53.0078125
31.7578125
22.0703125
38.0078125
53.49609375
28.515625
24.3359375
39.74609375
3.1640625
33.75
22.34375
58.828125
25.33203125
33.92578125
37.32421875
43.33984375
17.75390625
50.99609375
17.5
43.41796875
23.57421875
36.9921875
34.58984375
11.50390625
40.8203125
55.25390625
33.1640625
33.41796875
32.83203125
44.2578125
30.078125
45.41015625
28.671875
44.23828125
26.7578125
52.421875
27.32421875
22.24609375
29.3359375
58.75
37.578125
7.59765625
37.578125
40.0
32.0703125
38.06640625
23.26171875
20.17578125
40.0
47.32421875
55.25390625
29.4921875
39.74609375
27.59765625
44.6484375
36.25
19.765625
37.98828125
25.33203125
38.59375
21.58203125
36.58203125
13.92578125
51.07421875
13.92578125
22.421875
40.15625
25.33203125
41.25
36.58203125
43.84765625
26.25
44.5703125
32.08984375
24.3359375
37.5
8.90625
6.93359375
38.828125
44.3359375
44.5703125
48.26171875
34.4921875
22.5
9.921875
32.75390625
55.33203125
57.67578125
41.73828125
37.16796875
10.5859375
41.171875
39.16015625
35.76171875
39.23828125
28.1640625
45.99609375
30.15625
56.09375
56.07421875
41.50390625
57.59765625
15.56640625
15.68359375
30.6640625
17.65625
18.33984375
44.51171875
36.40625
41.50390625
29.2578125
33.3203125
30.09765625
22.32421875
29.16015625
45.4296875
45.0
56.171875
33.26171875
47.40234375
43.671875
38.59375
41.9921875
10.078125
9.1796875
49.3359375
9.82421875
33.41796875
50.0
27.75390625
54.00390625
42.65625
15.76171875
45.91796875
34.4921875
51.25
58.26171875
23.1640625
15.15625
47.59765625
43.41796875
30.33203125
50.8203125
14.08203125
47.98828125
32.75390625
42.24609375
31.8359375
33.75
29.921875
26.50390625
54.16015625
47.91015625
34.3359375
47.08984375
19.08203125
55.5078125
35.48828125
37.83203125
37.32421875
29.23828125
32.08984375
8.90625
43.0859375
53.828125
17.5
36.09375
32.65625
32.0703125
30.5078125
30.7421875
32.9296875
55.15625
22.67578125
52.83203125
33.33984375
40.234375
42.421875
34.2578125
58.2421875
20.6640625
15.91796875
43.57421875
48.671875
50.91796875
46.8359375
34.08203125
4.16015625
40.25390625
29.84375
37.32421875
58.26171875
57.16796875
39.4921875
41.40625
15.25390625
49.66796875
47.01171875
42.32421875
7.5
52.24609375
21.66015625
48.0078125
36.9140625
11.8359375
26.25
31.171875
51.40625
28.0859375
55.5078125
37.08984375
52.32421875
59.66796875
49.921875
6.9921875
20.0
34.82421875
54.3359375
33.671875
24.3359375
45.0
39.31640625
50.91796875
8.671875
43.0078125
45.0
50.91796875
44.08203125
34.82421875
25.6640625
24.4140625
49.58984375
32.08984375
46.50390625
37.65625
47.34375
40.8203125
4.4140625
51.9140625
44.00390625
27.734375
31.09375
40.0
31.50390625
10.99609375
40.7421875
44.51171875
15.7421875
16.50390625
34.82421875
21.25
52.08984375
30.25390625
22.24609375
53.0078125
54.3359375
26.40625
41.328125
20.5078125
12.24609375
51.73828125
39.84375
22.0703125
47.0703125
42.01171875
32.34375
51.7578125
38.0859375
57.98828125
30.76171875
21.484375
31.25
54.4140625
3.828125
46.171875
45.48828125
44.4921875
29.08203125
41.9140625
34.4921875
55.5078125
57.1484375
50.17578125
52.01171875
46.50390625
24.4140625
32.75390625
20.48828125
10.6640625
27.32421875
9.16015625
57.08984375
44.82421875
35.234375
58.33984375
47.01171875
42.40234375
20.234375
46.8359375
56.50390625
41.50390625
31.328125
28.2421875
55.5078125
44.00390625
55.7421875
37.83203125
59.5703125
39.4140625
59.00390625
47.67578125
30.41015625
36.58203125
24.66796875
47.98828125
35.68359375
59.08203125
32.734375
46.171875
16.7578125
26.66015625
38.26171875
52.83203125
36.58203125
56.58203125
25.0
57.65625
59.2578125
21.9921875
47.265625
39.66796875
48.828125
35.76171875
34.00390625
48.65234375
26.34765625
29.4921875
57.91015625
15.09765625
18.1640625
48.06640625
49.3359375
21.8359375
29.74609375
32.421875
46.58203125
3.59375
25.078125
45.33203125
48.41796875
40.83984375
44.4140625
41.25
33.41796875
29.74609375
50.09765625
31.73828125
10.4296875
49.4921875
34.921875
46.40625
30.25390625
47.98828125
33.84765625
54.16015625
36.58203125
46.42578125
29.16015625
16.9140625
51.34765625
57.40234375
29.765625
47.32421875
40.33203125
51.07421875
23.0859375
53.828125
57.34375
60.078125
23.1640625
44.4140625
47.67578125
42.65625
34.08203125
43.828125
39.1796875
35.25390625
5.6640625
27.75390625
39.08203125
24.82421875
49.51171875
22.91015625
47.65625
58.26171875
23.3203125
46.09375
53.0859375
51.58203125
48.41796875
48.3203125
52.67578125
42.5
30.91796875
49.82421875
26.34765625
21.9921875
39.84375
27.24609375
40.7421875
22.34375
35.17578125
18.984375
46.50390625
40.76171875
53.57421875
21.7578125
30.25390625
27.16796875
47.98828125
26.25
35.76171875
39.74609375
46.7578125
10.99609375
41.328125
41.9140625
39.51171875
16.66015625
29.23828125
54.51171875
45.15625
29.921875
44.84375
30.25390625
59.08203125
21.07421875
26.171875
51.7578125
17.98828125
52.578125
47.34375
21.6796875
52.83203125
38.75
19.74609375
53.3203125
54.84375
48.90625
15.25390625
11.09375
44.16015625
42.421875
38.75
16.8359375
29.66796875
31.93359375
37.83203125
53.3203125
43.75
43.49609375
45.09765625
29.16015625
55.0
32.24609375
37.75390625
40.83984375
51.9921875
21.7578125
34.23828125
40.25390625
37.75390625
30.91796875
24.921875
25.5859375
29.2578125
30.234375
40.83984375
21.50390625
28.828125
56.171875
10.76171875
18.984375
12.5
30.99609375
50.078125
41.171875
35.8203125
55.7421875
2.75390625
17.5
33.59375
42.24609375
43.2421875
36.34765625
41.9921875
45.0
20.83984375
48.41796875
5.17578125
10.234375
20.5078125
36.42578125
47.578125
15.48828125
27.01171875
55.5859375
26.328125
18.57421875
2.59765625
59.23828125
38.0078125
51.015625
53.59375
45.48828125
38.0859375
59.3359375
54.1796875
42.0703125
47.5
22.34375
48.1640625
21.25
52.32421875
50.09765625
52.0703125
32.75390625
50.41015625
45.91796875
40.6640625
57.67578125
26.9921875
48.59375
34.66796875
52.16796875
10.078125
43.515625
40.234375
40.09765625
38.3203125
27.5
44.1796875
45.5859375
49.2578125
38.75
52.5
19.5703125
34.43359375
58.0859375
53.984375
52.75390625
40.4296875
23.41796875
43.2421875
50.09765625
19.4921875
45.68359375
43.65234375
37.421875
34.16015625
53.26171875
8.90625
35.25390625
36.09375
43.1640625
43.828125
45.83984375
5.33203125
44.3359375
41.9921875
21.9921875
15.99609375
22.24609375
56.171875
35.83984375
39.82421875
47.67578125
56.25
57.578125
22.83203125
15.09765625
21.81640625
51.42578125
51.58203125
47.91015625
21.8359375
60.0
32.24609375
41.7578125
46.81640625
54.84375
54.4921875
36.015625
58.49609375
48.0078125
27.91015625
27.83203125
9.82421875
38.49609375
57.01171875
49.66796875
28.828125
51.015625
11.40625
20.83984375
40.4296875
18.3203125
23.26171875
23.41796875
21.15234375
56.171875
37.08984375
10.5078125
46.15234375
36.25
19.4140625
17.5
44.66796875
24.08203125
15.83984375
31.66015625
43.671875
55.0
22.67578125
42.83203125
41.8359375
19.90234375
21.50390625
40.17578125
24.4921875
30.33203125
45.078125
38.92578125
42.67578125
26.171875
50.7421875
42.24609375
58.90625
38.33984375
52.08984375
53.49609375
12.83203125
46.8359375
18.41796875
52.578125
53.2421875
55.91796875
50.7421875
57.9296875
17.16796875
58.1640625
18.75
32.24609375
28.75
16.66015625
47.421875
46.42578125
33.41796875
36.9140625
54.58984375
49.16015625
56.8359375
12.578125
22.34375
47.0703125
44.921875
32.24609375
44.2578125
52.421875
19.74609375
5.5078125
57.65625
42.5
18.41796875
40.83984375
11.58203125
55.8203125
36.6015625
48.90625
58.828125
44.921875
22.08984375
24.4921875
22.578125
45.4296875
33.41796875
31.40625
57.08984375
51.09375
36.15234375
53.75
34.1796875
25.6640625
25.7421875
24.921875
48.41796875
43.0859375
27.24609375
42.01171875
59.74609375
34.66796875
49.08203125
46.09375
1.66015625
34.08203125
41.40625
47.59765625
26.328125
40.5859375
26.07421875
21.6796875
34.82421875
40.5859375
29.08203125
25.7421875
34.00390625
35.6640625
44.84375
5.7421875
26.42578125
54.00390625
45.56640625
45.83984375
47.265625
31.9921875
44.4921875
53.26171875
9.66796875
52.65625
17.24609375
32.34375
27.734375
45.5078125
32.34375
22.91015625
30.0
34.43359375
55.0
53.3984375
42.34375
42.578125
41.6796875
18.06640625
36.328125
32.9296875
41.50390625
34.4921875
23.41796875
5.7421875
45.5078125
31.8359375
36.328125
21.7578125
42.83203125
51.15234375
32.34375
52.75390625
43.1640625
21.328125
52.421875
38.90625
51.58203125
46.015625
13.84765625
36.58203125
31.171875
56.171875
49.66796875
22.578125
17.5
50.17578125
9.4921875
41.7578125
13.75
42.5
57.34375
12.65625
26.171875
34.08203125
52.24609375
46.8359375
41.9921875
39.08203125
46.07421875
27.75390625
37.83203125
25.5078125
37.75390625
22.1484375
22.265625
59.74609375
18.1640625
49.90234375
43.75
40.76171875
37.83203125
55.7421875
23.59375
54.84375
50.09765625
53.984375
41.9921875
50.078125
51.42578125
37.16796875
58.1640625
39.00390625
55.4296875
33.75
42.67578125
42.98828125
23.84765625
40.6640625
58.0859375
37.91015625
46.8359375
34.921875
27.98828125
58.671875
43.33984375
56.66015625
35.41015625
41.42578125
43.06640625
36.42578125
51.328125
49.08203125
56.25
47.01171875
25.078125
37.16796875
40.25390625
42.34375
35.99609375
27.83203125
27.24609375
48.3203125
34.84375
27.32421875
50.25390625
39.82421875
38.0859375
39.74609375
49.90234375
47.8515625
23.65234375
45.6640625
5.17578125
26.171875
47.40234375
55.68359375
48.1640625
3.75
38.2421875
51.42578125
33.90625
50.25390625
33.49609375
50.33203125
41.7578125
49.23828125
54.4140625
43.515625
33.984375
39.84375
31.50390625
50.6640625
39.00390625
32.24609375
44.00390625
38.828125
55.4296875
53.65234375
33.06640625
14.08203125
30.5859375
37.40234375
3.41796875
55.99609375
45.4296875
50.91796875
28.57421875
36.50390625
55.41015625
4.84375
31.328125
52.9296875
16.50390625
24.3359375
52.0703125
24.3359375
57.83203125
35.8203125
20.33203125
31.484375
15.91796875
19.51171875
49.5703125
52.421875
20.0
43.49609375
17.578125
35.7421875
38.49609375
22.91015625
22.34375
21.40625
35.6640625
31.9921875
59.74609375
55.6640625
25.91796875
40.83984375
16.328125
19.84375
27.578125
39.00390625
11.328125
53.92578125
51.81640625
53.0859375
28.84765625
41.81640625
17.265625
43.828125
20.6640625
47.5
51.73828125
47.24609375
35.76171875
40.6640625
40.83984375
57.32421875
13.671875
36.81640625
46.015625
50.33203125
34.4921875
37.578125
24.66796875
32.65625
42.16796875
3.0859375
24.5703125
29.765625
4.921875
45.76171875
49.4921875
41.42578125
45.234375
38.41796875
6.6015625
54.90234375
43.1640625
55.76171875
56.25
35.91796875
55.6640625
42.67578125
27.734375
19.51171875
50.41015625
30.0
31.9140625
44.00390625
35.078125
51.7578125
9.2578125
40.33203125
19.00390625
54.4921875
32.34375
44.16015625
49.58984375
57.65625
24.66796875
54.765625
31.25
22.265625
56.9921875
30.7421875
38.671875
46.328125
28.1640625
50.83984375
24.16015625
25.078125
36.328125
33.671875
58.828125
45.5859375
24.90234375
27.01171875
43.49609375
54.1796875
12.421875
25.99609375
40.25390625
40.33203125
49.4921875
36.40625
26.66015625
35.0
28.65234375
49.4140625
19.00390625
37.0703125
41.50390625
34.66796875
41.58203125
15.6640625
21.8359375
33.0859375
45.91796875
50.17578125
43.984375
33.26171875
49.51171875
41.484375
58.26171875
41.8359375
45.99609375
54.82421875
56.9140625
39.23828125
55.83984375
8.92578125
32.5
19.08203125
51.171875
55.41015625
12.578125
39.74609375
25.99609375
47.75390625
54.08203125
35.078125
34.2578125
23.49609375
45.6640625
20.91796875
46.50390625
12.32421875
47.24609375
25.4296875
32.5
31.25
35.078125
28.0078125
43.33984375
19.82421875
20.0
18.671875
52.5
56.42578125
40.0
39.5703125
9.43359375
46.58203125
35.48828125
30.76171875
35.078125
17.24609375
32.24609375
31.171875
43.49609375
36.328125
31.171875
51.171875
42.91015625
22.83203125
7.421875
28.828125
41.07421875
42.9296875
45.5859375
50.33203125
31.25
35.48828125
44.765625
51.9921875
59.921875
25.8203125
29.84375
36.25
27.421875
22.734375
35.33203125
35.4296875
16.81640625
48.92578125
49.00390625
35.5859375
27.24609375
43.49609375
51.7578125
43.984375
44.51171875
51.25
2.32421875
56.8359375
48.41796875
43.26171875
20.8203125
24.51171875
24.58984375
52.0703125
27.578125
46.8359375
19.4140625
55.4296875
38.57421875
41.25
34.3359375
41.8359375
56.50390625
56.328125
38.65234375
30.0
38.75
43.0078125
37.83203125
32.24609375
39.74609375
49.3359375
42.24609375
41.09375
48.33984375
28.828125
45.09765625
56.9140625
30.078125
32.08984375
33.828125
48.0859375
46.50390625
40.078125
34.4921875
50.17578125
52.65625
25.33203125
25.4296875
35.234375
48.75
16.015625
56.09375
41.9921875
49.74609375
22.75390625
43.49609375
35.5859375
55.41015625
29.51171875
26.50390625
28.75
50.33203125
41.42578125
42.32421875
12.16796875
32.75390625
32.67578125
33.06640625
13.0078125
32.5
54.921875
56.58203125
41.09375
17.734375
50.17578125
18.90625
38.515625
29.16015625
46.58203125
20.0
56.9140625
44.3359375
57.75390625
38.41796875
38.90625
17.5
18.3203125
44.921875
35.41015625
38.26171875
54.08203125
44.3359375
59.08203125
37.75390625
52.1484375
30.91796875
23.75
26.015625
26.9140625
38.2421875
31.8359375
37.83203125
46.8359375
57.24609375
55.078125
46.93359375
33.3984375
54.1015625
57.734375
46.9140625
52.5
34.1796875
43.57421875
27.83203125
38.1640625
20.5078125
26.58203125
45.7421875
49.4140625
50.4296875
33.1640625
48.49609375
12.578125
44.2578125
27.578125
22.34375
26.328125
39.4140625
54.66796875
18.75
55.078125
39.2578125
59.4140625
46.25
27.83203125
37.265625
52.32421875
54.66796875
45.078125
46.09375
35.99609375
43.57421875
33.92578125
16.42578125
56.81640625
25.5078125
40.6640625
11.171875
36.50390625
39.66796875
36.66015625
27.08984375
38.75
26.328125
35.5078125
5.8984375
28.92578125
15.5078125
28.33984375
19.00390625
37.91015625
51.40625
27.265625
53.828125
17.265625
12.24609375
58.671875
36.15234375
44.66796875
35.83984375
46.40625
32.421875
45.15625
35.5859375
49.3359375
57.421875
32.16796875
37.59765625
5.91796875
36.25
31.9140625
51.15234375
50.0
34.00390625
33.57421875
48.84765625
37.16796875
27.01171875
6.58203125
37.65625
22.421875
29.3359375
55.56640625
36.93359375
51.9140625
40.83984375
47.40234375
50.33203125
58.92578125
53.92578125
56.73828125
59.51171875
24.3359375
51.66015625
30.83984375
19.2578125
45.33203125
21.81640625
44.1015625
36.15234375
42.1484375
38.75
35.83984375
29.58984375
46.50390625
57.0703125
46.171875
51.9140625
43.90625
44.1796875
45.6640625
32.5
59.4921875
58.59375
24.08203125
40.8203125
23.33984375
54.16015625
37.265625
57.578125
29.23828125
32.5
8.515625
13.18359375
10.6640625
56.50390625
39.84375
20.7421875
36.50390625
39.23828125
51.42578125
42.421875
43.2421875
59.3359375
42.08984375
59.08203125
43.1640625
44.921875
59.58984375
11.25
36.171875
39.08203125
56.328125
50.5078125
49.16015625
42.5
25.15625
31.42578125
56.15234375
59.921875
57.265625
52.83203125
32.734375
47.16796875
16.66015625
38.92578125
45.99609375
21.7578125
20.0
34.921875
48.90625
28.1640625
55.7421875
54.4921875
49.08203125
26.6796875
50.15625
50.99609375
53.41796875
29.84375
49.66796875
46.73828125
36.73828125
32.5
27.24609375
31.7578125
47.5
